   128
   8
   3.2600000e+02   7.1200000e+02   8.4400000e+02   1.2300000e+03   1.3620000e+03   1.7480000e+03   1.8800000e+03   2.2660000e+03
   3.2700000e+02   7.1100000e+02   8.4500000e+02   1.2290000e+03   1.3630000e+03   1.7470000e+03   1.8810000e+03   2.2650000e+03
   3.2800000e+02   7.1000000e+02   8.4600000e+02   1.2280000e+03   1.3640000e+03   1.7460000e+03   1.8820000e+03   2.2640000e+03
   3.2900000e+02   7.0900000e+02   8.4700000e+02   1.2270000e+03   1.3650000e+03   1.7450000e+03   1.8830000e+03   2.2630000e+03
   3.3000000e+02   7.0800000e+02   8.4800000e+02   1.2260000e+03   1.3660000e+03   1.7440000e+03   1.8840000e+03   2.2620000e+03
   3.3100000e+02   7.0700000e+02   8.4900000e+02   1.2250000e+03   1.3670000e+03   1.7430000e+03   1.8850000e+03   2.2610000e+03
   3.3200000e+02   7.0600000e+02   8.5000000e+02   1.2240000e+03   1.3680000e+03   1.7420000e+03   1.8860000e+03   2.2600000e+03
   3.3300000e+02   7.0500000e+02   8.5100000e+02   1.2230000e+03   1.3690000e+03   1.7410000e+03   1.8870000e+03   2.2590000e+03
   3.3400000e+02   7.0400000e+02   8.5200000e+02   1.2220000e+03   1.3700000e+03   1.7400000e+03   1.8880000e+03   2.2580000e+03
   3.3500000e+02   7.0300000e+02   8.5300000e+02   1.2210000e+03   1.3710000e+03   1.7390000e+03   1.8890000e+03   2.2570000e+03
   3.3600000e+02   7.0200000e+02   8.5400000e+02   1.2200000e+03   1.3720000e+03   1.7380000e+03   1.8900000e+03   2.2560000e+03
   3.3700000e+02   7.0100000e+02   8.5500000e+02   1.2190000e+03   1.3730000e+03   1.7370000e+03   1.8910000e+03   2.2550000e+03
   3.3800000e+02   7.0000000e+02   8.5600000e+02   1.2180000e+03   1.3740000e+03   1.7360000e+03   1.8920000e+03   2.2540000e+03
   3.3900000e+02   6.9900000e+02   8.5700000e+02   1.2170000e+03   1.3750000e+03   1.7350000e+03   1.8930000e+03   2.2530000e+03
   3.4000000e+02   6.9800000e+02   8.5800000e+02   1.2160000e+03   1.3760000e+03   1.7340000e+03   1.8940000e+03   2.2520000e+03
   3.4100000e+02   6.9700000e+02   8.5900000e+02   1.2150000e+03   1.3770000e+03   1.7330000e+03   1.8950000e+03   2.2510000e+03
   3.4200000e+02   6.9600000e+02   8.6000000e+02   1.2140000e+03   1.3780000e+03   1.7320000e+03   1.8960000e+03   2.2500000e+03
   3.4300000e+02   6.9500000e+02   8.6100000e+02   1.2130000e+03   1.3790000e+03   1.7310000e+03   1.8970000e+03   2.2490000e+03
   3.4400000e+02   6.9400000e+02   8.6200000e+02   1.2120000e+03   1.3800000e+03   1.7300000e+03   1.8980000e+03   2.2480000e+03
   3.4500000e+02   6.9300000e+02   8.6300000e+02   1.2110000e+03   1.3810000e+03   1.7290000e+03   1.8990000e+03   2.2470000e+03
   3.4600000e+02   6.9200000e+02   8.6400000e+02   1.2100000e+03   1.3820000e+03   1.7280000e+03   1.9000000e+03   2.2460000e+03
   3.4700000e+02   6.9100000e+02   8.6500000e+02   1.2090000e+03   1.3830000e+03   1.7270000e+03   1.9010000e+03   2.2450000e+03
   3.4800000e+02   6.9000000e+02   8.6600000e+02   1.2080000e+03   1.3840000e+03   1.7260000e+03   1.9020000e+03   2.2440000e+03
   3.4900000e+02   6.8900000e+02   8.6700000e+02   1.2070000e+03   1.3850000e+03   1.7250000e+03   1.9030000e+03   2.2430000e+03
   3.5000000e+02   6.8800000e+02   8.6800000e+02   1.2060000e+03   1.3860000e+03   1.7240000e+03   1.9040000e+03   2.2420000e+03
   3.5100000e+02   6.8700000e+02   8.6900000e+02   1.2050000e+03   1.3870000e+03   1.7230000e+03   1.9050000e+03   2.2410000e+03
   3.5200000e+02   6.8600000e+02   8.7000000e+02   1.2040000e+03   1.3880000e+03   1.7220000e+03   1.9060000e+03   2.2400000e+03
   3.5300000e+02   6.8500000e+02   8.7100000e+02   1.2030000e+03   1.3890000e+03   1.7210000e+03   1.9070000e+03   2.2390000e+03
   3.5400000e+02   6.8400000e+02   8.7200000e+02   1.2020000e+03   1.3900000e+03   1.7200000e+03   1.9080000e+03   2.2380000e+03
   3.5500000e+02   6.8300000e+02   8.7300000e+02   1.2010000e+03   1.3910000e+03   1.7190000e+03   1.9090000e+03   2.2370000e+03
   3.5600000e+02   6.8200000e+02   8.7400000e+02   1.2000000e+03   1.3920000e+03   1.7180000e+03   1.9100000e+03   2.2360000e+03
   3.5700000e+02   6.8100000e+02   8.7500000e+02   1.1990000e+03   1.3930000e+03   1.7170000e+03   1.9110000e+03   2.2350000e+03
   3.5800000e+02   6.8000000e+02   8.7600000e+02   1.1980000e+03   1.3940000e+03   1.7160000e+03   1.9120000e+03   2.2340000e+03
   3.5900000e+02   6.7900000e+02   8.7700000e+02   1.1970000e+03   1.3950000e+03   1.7150000e+03   1.9130000e+03   2.2330000e+03
   3.6000000e+02   6.7800000e+02   8.7800000e+02   1.1960000e+03   1.3960000e+03   1.7140000e+03   1.9140000e+03   2.2320000e+03
   3.6100000e+02   6.7700000e+02   8.7900000e+02   1.1950000e+03   1.3970000e+03   1.7130000e+03   1.9150000e+03   2.2310000e+03
   3.6200000e+02   6.7600000e+02   8.8000000e+02   1.1940000e+03   1.3980000e+03   1.7120000e+03   1.9160000e+03   2.2300000e+03
   3.6300000e+02   6.7500000e+02   8.8100000e+02   1.1930000e+03   1.3990000e+03   1.7110000e+03   1.9170000e+03   2.2290000e+03
   3.6400000e+02   6.7400000e+02   8.8200000e+02   1.1920000e+03   1.4000000e+03   1.7100000e+03   1.9180000e+03   2.2280000e+03
   3.6500000e+02   6.7300000e+02   8.8300000e+02   1.1910000e+03   1.4010000e+03   1.7090000e+03   1.9190000e+03   2.2270000e+03
   3.6600000e+02   6.7200000e+02   8.8400000e+02   1.1900000e+03   1.4020000e+03   1.7080000e+03   1.9200000e+03   2.2260000e+03
   3.6700000e+02   6.7100000e+02   8.8500000e+02   1.1890000e+03   1.4030000e+03   1.7070000e+03   1.9210000e+03   2.2250000e+03
   3.6800000e+02   6.7000000e+02   8.8600000e+02   1.1880000e+03   1.4040000e+03   1.7060000e+03   1.9220000e+03   2.2240000e+03
   3.6900000e+02   6.6900000e+02   8.8700000e+02   1.1870000e+03   1.4050000e+03   1.7050000e+03   1.9230000e+03   2.2230000e+03
   3.7000000e+02   6.6800000e+02   8.8800000e+02   1.1860000e+03   1.4060000e+03   1.7040000e+03   1.9240000e+03   2.2220000e+03
   3.7100000e+02   6.6700000e+02   8.8900000e+02   1.1850000e+03   1.4070000e+03   1.7030000e+03   1.9250000e+03   2.2210000e+03
   3.7200000e+02   6.6600000e+02   8.9000000e+02   1.1840000e+03   1.4080000e+03   1.7020000e+03   1.9260000e+03   2.2200000e+03
   3.7300000e+02   6.6500000e+02   8.9100000e+02   1.1830000e+03   1.4090000e+03   1.7010000e+03   1.9270000e+03   2.2190000e+03
   3.7400000e+02   6.6400000e+02   8.9200000e+02   1.1820000e+03   1.4100000e+03   1.7000000e+03   1.9280000e+03   2.2180000e+03
   3.7500000e+02   6.6300000e+02   8.9300000e+02   1.1810000e+03   1.4110000e+03   1.6990000e+03   1.9290000e+03   2.2170000e+03
   3.7600000e+02   6.6200000e+02   8.9400000e+02   1.1800000e+03   1.4120000e+03   1.6980000e+03   1.9300000e+03   2.2160000e+03
   3.7700000e+02   6.6100000e+02   8.9500000e+02   1.1790000e+03   1.4130000e+03   1.6970000e+03   1.9310000e+03   2.2150000e+03
   3.7800000e+02   6.6000000e+02   8.9600000e+02   1.1780000e+03   1.4140000e+03   1.6960000e+03   1.9320000e+03   2.2140000e+03
   3.7900000e+02   6.5900000e+02   8.9700000e+02   1.1770000e+03   1.4150000e+03   1.6950000e+03   1.9330000e+03   2.2130000e+03
   3.8000000e+02   6.5800000e+02   8.9800000e+02   1.1760000e+03   1.4160000e+03   1.6940000e+03   1.9340000e+03   2.2120000e+03
   3.8100000e+02   6.5700000e+02   8.9900000e+02   1.1750000e+03   1.4170000e+03   1.6930000e+03   1.9350000e+03   2.2110000e+03
   3.8200000e+02   6.5600000e+02   9.0000000e+02   1.1740000e+03   1.4180000e+03   1.6920000e+03   1.9360000e+03   2.2100000e+03
   3.8300000e+02   6.5500000e+02   9.0100000e+02   1.1730000e+03   1.4190000e+03   1.6910000e+03   1.9370000e+03   2.2090000e+03
   3.8400000e+02   6.5400000e+02   9.0200000e+02   1.1720000e+03   1.4200000e+03   1.6900000e+03   1.9380000e+03   2.2080000e+03
   3.8500000e+02   6.5300000e+02   9.0300000e+02   1.1710000e+03   1.4210000e+03   1.6890000e+03   1.9390000e+03   2.2070000e+03
   3.8600000e+02   6.5200000e+02   9.0400000e+02   1.1700000e+03   1.4220000e+03   1.6880000e+03   1.9400000e+03   2.2060000e+03
   3.8700000e+02   6.5100000e+02   9.0500000e+02   1.1690000e+03   1.4230000e+03   1.6870000e+03   1.9410000e+03   2.2050000e+03
   3.8800000e+02   6.5000000e+02   9.0600000e+02   1.1680000e+03   1.4240000e+03   1.6860000e+03   1.9420000e+03   2.2040000e+03
   3.8900000e+02   6.4900000e+02   9.0700000e+02   1.1670000e+03   1.4250000e+03   1.6850000e+03   1.9430000e+03   2.2030000e+03
   3.9000000e+02   6.4800000e+02   9.0800000e+02   1.1660000e+03   1.4260000e+03   1.6840000e+03   1.9440000e+03   2.2020000e+03
   3.9100000e+02   6.4700000e+02   9.0900000e+02   1.1650000e+03   1.4270000e+03   1.6830000e+03   1.9450000e+03   2.2010000e+03
   3.9200000e+02   6.4600000e+02   9.1000000e+02   1.1640000e+03   1.4280000e+03   1.6820000e+03   1.9460000e+03   2.2000000e+03
   3.9300000e+02   6.4500000e+02   9.1100000e+02   1.1630000e+03   1.4290000e+03   1.6810000e+03   1.9470000e+03   2.1990000e+03
   3.9400000e+02   6.4400000e+02   9.1200000e+02   1.1620000e+03   1.4300000e+03   1.6800000e+03   1.9480000e+03   2.1980000e+03
   3.9500000e+02   6.4300000e+02   9.1300000e+02   1.1610000e+03   1.4310000e+03   1.6790000e+03   1.9490000e+03   2.1970000e+03
   3.9600000e+02   6.4200000e+02   9.1400000e+02   1.1600000e+03   1.4320000e+03   1.6780000e+03   1.9500000e+03   2.1960000e+03
   3.9700000e+02   6.4100000e+02   9.1500000e+02   1.1590000e+03   1.4330000e+03   1.6770000e+03   1.9510000e+03   2.1950000e+03
   3.9800000e+02   6.4000000e+02   9.1600000e+02   1.1580000e+03   1.4340000e+03   1.6760000e+03   1.9520000e+03   2.1940000e+03
   3.9900000e+02   6.3900000e+02   9.1700000e+02   1.1570000e+03   1.4350000e+03   1.6750000e+03   1.9530000e+03   2.1930000e+03
   4.0000000e+02   6.3800000e+02   9.1800000e+02   1.1560000e+03   1.4360000e+03   1.6740000e+03   1.9540000e+03   2.1920000e+03
   4.0100000e+02   6.3700000e+02   9.1900000e+02   1.1550000e+03   1.4370000e+03   1.6730000e+03   1.9550000e+03   2.1910000e+03
   4.0200000e+02   6.3600000e+02   9.2000000e+02   1.1540000e+03   1.4380000e+03   1.6720000e+03   1.9560000e+03   2.1900000e+03
   4.0300000e+02   6.3500000e+02   9.2100000e+02   1.1530000e+03   1.4390000e+03   1.6710000e+03   1.9570000e+03   2.1890000e+03
   4.0400000e+02   6.3400000e+02   9.2200000e+02   1.1520000e+03   1.4400000e+03   1.6700000e+03   1.9580000e+03   2.1880000e+03
   4.0500000e+02   6.3300000e+02   9.2300000e+02   1.1510000e+03   1.4410000e+03   1.6690000e+03   1.9590000e+03   2.1870000e+03
   4.0600000e+02   6.3200000e+02   9.2400000e+02   1.1500000e+03   1.4420000e+03   1.6680000e+03   1.9600000e+03   2.1860000e+03
   4.0700000e+02   6.3100000e+02   9.2500000e+02   1.1490000e+03   1.4430000e+03   1.6670000e+03   1.9610000e+03   2.1850000e+03
   4.0800000e+02   6.3000000e+02   9.2600000e+02   1.1480000e+03   1.4440000e+03   1.6660000e+03   1.9620000e+03   2.1840000e+03
   4.0900000e+02   6.2900000e+02   9.2700000e+02   1.1470000e+03   1.4450000e+03   1.6650000e+03   1.9630000e+03   2.1830000e+03
   4.1000000e+02   6.2800000e+02   9.2800000e+02   1.1460000e+03   1.4460000e+03   1.6640000e+03   1.9640000e+03   2.1820000e+03
   4.1100000e+02   6.2700000e+02   9.2900000e+02   1.1450000e+03   1.4470000e+03   1.6630000e+03   1.9650000e+03   2.1810000e+03
   4.1200000e+02   6.2600000e+02   9.3000000e+02   1.1440000e+03   1.4480000e+03   1.6620000e+03   1.9660000e+03   2.1800000e+03
   4.1300000e+02   6.2500000e+02   9.3100000e+02   1.1430000e+03   1.4490000e+03   1.6610000e+03   1.9670000e+03   2.1790000e+03
   4.1400000e+02   6.2400000e+02   9.3200000e+02   1.1420000e+03   1.4500000e+03   1.6600000e+03   1.9680000e+03   2.1780000e+03
   4.1500000e+02   6.2300000e+02   9.3300000e+02   1.1410000e+03   1.4510000e+03   1.6590000e+03   1.9690000e+03   2.1770000e+03
   4.1600000e+02   6.2200000e+02   9.3400000e+02   1.1400000e+03   1.4520000e+03   1.6580000e+03   1.9700000e+03   2.1760000e+03
   4.1700000e+02   6.2100000e+02   9.3500000e+02   1.1390000e+03   1.4530000e+03   1.6570000e+03   1.9710000e+03   2.1750000e+03
   4.1800000e+02   6.2000000e+02   9.3600000e+02   1.1380000e+03   1.4540000e+03   1.6560000e+03   1.9720000e+03   2.1740000e+03
   4.1900000e+02   6.1900000e+02   9.3700000e+02   1.1370000e+03   1.4550000e+03   1.6550000e+03   1.9730000e+03   2.1730000e+03
   4.2000000e+02   6.1800000e+02   9.3800000e+02   1.1360000e+03   1.4560000e+03   1.6540000e+03   1.9740000e+03   2.1720000e+03
   4.2100000e+02   6.1700000e+02   9.3900000e+02   1.1350000e+03   1.4570000e+03   1.6530000e+03   1.9750000e+03   2.1710000e+03
   4.2200000e+02   6.1600000e+02   9.4000000e+02   1.1340000e+03   1.4580000e+03   1.6520000e+03   1.9760000e+03   2.1700000e+03
   4.2300000e+02   6.1500000e+02   9.4100000e+02   1.1330000e+03   1.4590000e+03   1.6510000e+03   1.9770000e+03   2.1690000e+03
   4.2400000e+02   6.1400000e+02   9.4200000e+02   1.1320000e+03   1.4600000e+03   1.6500000e+03   1.9780000e+03   2.1680000e+03
   4.2500000e+02   6.1300000e+02   9.4300000e+02   1.1310000e+03   1.4610000e+03   1.6490000e+03   1.9790000e+03   2.1670000e+03
   4.2600000e+02   6.1200000e+02   9.4400000e+02   1.1300000e+03   1.4620000e+03   1.6480000e+03   1.9800000e+03   2.1660000e+03
   4.2700000e+02   6.1100000e+02   9.4500000e+02   1.1290000e+03   1.4630000e+03   1.6470000e+03   1.9810000e+03   2.1650000e+03
   4.2800000e+02   6.1000000e+02   9.4600000e+02   1.1280000e+03   1.4640000e+03   1.6460000e+03   1.9820000e+03   2.1640000e+03
   4.2900000e+02   6.0900000e+02   9.4700000e+02   1.1270000e+03   1.4650000e+03   1.6450000e+03   1.9830000e+03   2.1630000e+03
   4.3000000e+02   6.0800000e+02   9.4800000e+02   1.1260000e+03   1.4660000e+03   1.6440000e+03   1.9840000e+03   2.1620000e+03
   4.3100000e+02   6.0700000e+02   9.4900000e+02   1.1250000e+03   1.4670000e+03   1.6430000e+03   1.9850000e+03   2.1610000e+03
   4.3200000e+02   6.0600000e+02   9.5000000e+02   1.1240000e+03   1.4680000e+03   1.6420000e+03   1.9860000e+03   2.1600000e+03
   4.3300000e+02   6.0500000e+02   9.5100000e+02   1.1230000e+03   1.4690000e+03   1.6410000e+03   1.9870000e+03   2.1590000e+03
   4.3400000e+02   6.0400000e+02   9.5200000e+02   1.1220000e+03   1.4700000e+03   1.6400000e+03   1.9880000e+03   2.1580000e+03
   4.3500000e+02   6.0300000e+02   9.5300000e+02   1.1210000e+03   1.4710000e+03   1.6390000e+03   1.9890000e+03   2.1570000e+03
   4.3600000e+02   6.0200000e+02   9.5400000e+02   1.1200000e+03   1.4720000e+03   1.6380000e+03   1.9900000e+03   2.1560000e+03
   4.3700000e+02   6.0100000e+02   9.5500000e+02   1.1190000e+03   1.4730000e+03   1.6370000e+03   1.9910000e+03   2.1550000e+03
   4.3800000e+02   6.0000000e+02   9.5600000e+02   1.1180000e+03   1.4740000e+03   1.6360000e+03   1.9920000e+03   2.1540000e+03
   4.3900000e+02   5.9900000e+02   9.5700000e+02   1.1170000e+03   1.4750000e+03   1.6350000e+03   1.9930000e+03   2.1530000e+03
   4.4000000e+02   5.9800000e+02   9.5800000e+02   1.1160000e+03   1.4760000e+03   1.6340000e+03   1.9940000e+03   2.1520000e+03
   4.4100000e+02   5.9700000e+02   9.5900000e+02   1.1150000e+03   1.4770000e+03   1.6330000e+03   1.9950000e+03   2.1510000e+03
   4.4200000e+02   5.9600000e+02   9.6000000e+02   1.1140000e+03   1.4780000e+03   1.6320000e+03   1.9960000e+03   2.1500000e+03
   4.4300000e+02   5.9500000e+02   9.6100000e+02   1.1130000e+03   1.4790000e+03   1.6310000e+03   1.9970000e+03   2.1490000e+03
   4.4400000e+02   5.9400000e+02   9.6200000e+02   1.1120000e+03   1.4800000e+03   1.6300000e+03   1.9980000e+03   2.1480000e+03
   4.4500000e+02   5.9300000e+02   9.6300000e+02   1.1110000e+03   1.4810000e+03   1.6290000e+03   1.9990000e+03   2.1470000e+03
   4.4600000e+02   5.9200000e+02   9.6400000e+02   1.1100000e+03   1.4820000e+03   1.6280000e+03   2.0000000e+03   2.1460000e+03
   4.4700000e+02   5.9100000e+02   9.6500000e+02   1.1090000e+03   1.4830000e+03   1.6270000e+03   2.0010000e+03   2.1450000e+03
   4.4800000e+02   5.9000000e+02   9.6600000e+02   1.1080000e+03   1.4840000e+03   1.6260000e+03   2.0020000e+03   2.1440000e+03
   4.4900000e+02   5.8900000e+02   9.6700000e+02   1.1070000e+03   1.4850000e+03   1.6250000e+03   2.0030000e+03   2.1430000e+03
   4.5000000e+02   5.8800000e+02   9.6800000e+02   1.1060000e+03   1.4860000e+03   1.6240000e+03   2.0040000e+03   2.1420000e+03
   4.5100000e+02   5.8700000e+02   9.6900000e+02   1.1050000e+03   1.4870000e+03   1.6230000e+03   2.0050000e+03   2.1410000e+03
   4.5200000e+02   5.8600000e+02   9.7000000e+02   1.1040000e+03   1.4880000e+03   1.6220000e+03   2.0060000e+03   2.1400000e+03
   4.5300000e+02   5.8500000e+02   9.7100000e+02   1.1030000e+03   1.4890000e+03   1.6210000e+03   2.0070000e+03   2.1390000e+03
