   64
   16
   1.5500000e+02   3.3200000e+02   3.8300000e+02   5.6000000e+02   6.1100000e+02   7.8800000e+02   8.3900000e+02   1.0160000e+03   1.0670000e+03   1.2440000e+03   1.2950000e+03   1.4720000e+03   1.5230000e+03   1.7000000e+03   1.7510000e+03   1.9280000e+03
   1.5600000e+02   3.3100000e+02   3.8400000e+02   5.5900000e+02   6.1200000e+02   7.8700000e+02   8.4000000e+02   1.0150000e+03   1.0680000e+03   1.2430000e+03   1.2960000e+03   1.4710000e+03   1.5240000e+03   1.6990000e+03   1.7520000e+03   1.9270000e+03
   1.5700000e+02   3.3000000e+02   3.8500000e+02   5.5800000e+02   6.1300000e+02   7.8600000e+02   8.4100000e+02   1.0140000e+03   1.0690000e+03   1.2420000e+03   1.2970000e+03   1.4700000e+03   1.5250000e+03   1.6980000e+03   1.7530000e+03   1.9260000e+03
   1.5800000e+02   3.2900000e+02   3.8600000e+02   5.5700000e+02   6.1400000e+02   7.8500000e+02   8.4200000e+02   1.0130000e+03   1.0700000e+03   1.2410000e+03   1.2980000e+03   1.4690000e+03   1.5260000e+03   1.6970000e+03   1.7540000e+03   1.9250000e+03
   1.5900000e+02   3.2800000e+02   3.8700000e+02   5.5600000e+02   6.1500000e+02   7.8400000e+02   8.4300000e+02   1.0120000e+03   1.0710000e+03   1.2400000e+03   1.2990000e+03   1.4680000e+03   1.5270000e+03   1.6960000e+03   1.7550000e+03   1.9240000e+03
   1.6000000e+02   3.2700000e+02   3.8800000e+02   5.5500000e+02   6.1600000e+02   7.8300000e+02   8.4400000e+02   1.0110000e+03   1.0720000e+03   1.2390000e+03   1.3000000e+03   1.4670000e+03   1.5280000e+03   1.6950000e+03   1.7560000e+03   1.9230000e+03
   1.6100000e+02   3.2600000e+02   3.8900000e+02   5.5400000e+02   6.1700000e+02   7.8200000e+02   8.4500000e+02   1.0100000e+03   1.0730000e+03   1.2380000e+03   1.3010000e+03   1.4660000e+03   1.5290000e+03   1.6940000e+03   1.7570000e+03   1.9220000e+03
   1.6200000e+02   3.2500000e+02   3.9000000e+02   5.5300000e+02   6.1800000e+02   7.8100000e+02   8.4600000e+02   1.0090000e+03   1.0740000e+03   1.2370000e+03   1.3020000e+03   1.4650000e+03   1.5300000e+03   1.6930000e+03   1.7580000e+03   1.9210000e+03
   1.6300000e+02   3.2400000e+02   3.9100000e+02   5.5200000e+02   6.1900000e+02   7.8000000e+02   8.4700000e+02   1.0080000e+03   1.0750000e+03   1.2360000e+03   1.3030000e+03   1.4640000e+03   1.5310000e+03   1.6920000e+03   1.7590000e+03   1.9200000e+03
   1.6400000e+02   3.2300000e+02   3.9200000e+02   5.5100000e+02   6.2000000e+02   7.7900000e+02   8.4800000e+02   1.0070000e+03   1.0760000e+03   1.2350000e+03   1.3040000e+03   1.4630000e+03   1.5320000e+03   1.6910000e+03   1.7600000e+03   1.9190000e+03
   1.6500000e+02   3.2200000e+02   3.9300000e+02   5.5000000e+02   6.2100000e+02   7.7800000e+02   8.4900000e+02   1.0060000e+03   1.0770000e+03   1.2340000e+03   1.3050000e+03   1.4620000e+03   1.5330000e+03   1.6900000e+03   1.7610000e+03   1.9180000e+03
   1.6600000e+02   3.2100000e+02   3.9400000e+02   5.4900000e+02   6.2200000e+02   7.7700000e+02   8.5000000e+02   1.0050000e+03   1.0780000e+03   1.2330000e+03   1.3060000e+03   1.4610000e+03   1.5340000e+03   1.6890000e+03   1.7620000e+03   1.9170000e+03
   1.6700000e+02   3.2000000e+02   3.9500000e+02   5.4800000e+02   6.2300000e+02   7.7600000e+02   8.5100000e+02   1.0040000e+03   1.0790000e+03   1.2320000e+03   1.3070000e+03   1.4600000e+03   1.5350000e+03   1.6880000e+03   1.7630000e+03   1.9160000e+03
   1.6800000e+02   3.1900000e+02   3.9600000e+02   5.4700000e+02   6.2400000e+02   7.7500000e+02   8.5200000e+02   1.0030000e+03   1.0800000e+03   1.2310000e+03   1.3080000e+03   1.4590000e+03   1.5360000e+03   1.6870000e+03   1.7640000e+03   1.9150000e+03
   1.6900000e+02   3.1800000e+02   3.9700000e+02   5.4600000e+02   6.2500000e+02   7.7400000e+02   8.5300000e+02   1.0020000e+03   1.0810000e+03   1.2300000e+03   1.3090000e+03   1.4580000e+03   1.5370000e+03   1.6860000e+03   1.7650000e+03   1.9140000e+03
   1.7000000e+02   3.1700000e+02   3.9800000e+02   5.4500000e+02   6.2600000e+02   7.7300000e+02   8.5400000e+02   1.0010000e+03   1.0820000e+03   1.2290000e+03   1.3100000e+03   1.4570000e+03   1.5380000e+03   1.6850000e+03   1.7660000e+03   1.9130000e+03
   1.7100000e+02   3.1600000e+02   3.9900000e+02   5.4400000e+02   6.2700000e+02   7.7200000e+02   8.5500000e+02   1.0000000e+03   1.0830000e+03   1.2280000e+03   1.3110000e+03   1.4560000e+03   1.5390000e+03   1.6840000e+03   1.7670000e+03   1.9120000e+03
   1.7200000e+02   3.1500000e+02   4.0000000e+02   5.4300000e+02   6.2800000e+02   7.7100000e+02   8.5600000e+02   9.9900000e+02   1.0840000e+03   1.2270000e+03   1.3120000e+03   1.4550000e+03   1.5400000e+03   1.6830000e+03   1.7680000e+03   1.9110000e+03
   1.7300000e+02   3.1400000e+02   4.0100000e+02   5.4200000e+02   6.2900000e+02   7.7000000e+02   8.5700000e+02   9.9800000e+02   1.0850000e+03   1.2260000e+03   1.3130000e+03   1.4540000e+03   1.5410000e+03   1.6820000e+03   1.7690000e+03   1.9100000e+03
   1.7400000e+02   3.1300000e+02   4.0200000e+02   5.4100000e+02   6.3000000e+02   7.6900000e+02   8.5800000e+02   9.9700000e+02   1.0860000e+03   1.2250000e+03   1.3140000e+03   1.4530000e+03   1.5420000e+03   1.6810000e+03   1.7700000e+03   1.9090000e+03
   1.7500000e+02   3.1200000e+02   4.0300000e+02   5.4000000e+02   6.3100000e+02   7.6800000e+02   8.5900000e+02   9.9600000e+02   1.0870000e+03   1.2240000e+03   1.3150000e+03   1.4520000e+03   1.5430000e+03   1.6800000e+03   1.7710000e+03   1.9080000e+03
   1.7600000e+02   3.1100000e+02   4.0400000e+02   5.3900000e+02   6.3200000e+02   7.6700000e+02   8.6000000e+02   9.9500000e+02   1.0880000e+03   1.2230000e+03   1.3160000e+03   1.4510000e+03   1.5440000e+03   1.6790000e+03   1.7720000e+03   1.9070000e+03
   1.7700000e+02   3.1000000e+02   4.0500000e+02   5.3800000e+02   6.3300000e+02   7.6600000e+02   8.6100000e+02   9.9400000e+02   1.0890000e+03   1.2220000e+03   1.3170000e+03   1.4500000e+03   1.5450000e+03   1.6780000e+03   1.7730000e+03   1.9060000e+03
   1.7800000e+02   3.0900000e+02   4.0600000e+02   5.3700000e+02   6.3400000e+02   7.6500000e+02   8.6200000e+02   9.9300000e+02   1.0900000e+03   1.2210000e+03   1.3180000e+03   1.4490000e+03   1.5460000e+03   1.6770000e+03   1.7740000e+03   1.9050000e+03
   1.7900000e+02   3.0800000e+02   4.0700000e+02   5.3600000e+02   6.3500000e+02   7.6400000e+02   8.6300000e+02   9.9200000e+02   1.0910000e+03   1.2200000e+03   1.3190000e+03   1.4480000e+03   1.5470000e+03   1.6760000e+03   1.7750000e+03   1.9040000e+03
   1.8000000e+02   3.0700000e+02   4.0800000e+02   5.3500000e+02   6.3600000e+02   7.6300000e+02   8.6400000e+02   9.9100000e+02   1.0920000e+03   1.2190000e+03   1.3200000e+03   1.4470000e+03   1.5480000e+03   1.6750000e+03   1.7760000e+03   1.9030000e+03
   1.8100000e+02   3.0600000e+02   4.0900000e+02   5.3400000e+02   6.3700000e+02   7.6200000e+02   8.6500000e+02   9.9000000e+02   1.0930000e+03   1.2180000e+03   1.3210000e+03   1.4460000e+03   1.5490000e+03   1.6740000e+03   1.7770000e+03   1.9020000e+03
   1.8200000e+02   3.0500000e+02   4.1000000e+02   5.3300000e+02   6.3800000e+02   7.6100000e+02   8.6600000e+02   9.8900000e+02   1.0940000e+03   1.2170000e+03   1.3220000e+03   1.4450000e+03   1.5500000e+03   1.6730000e+03   1.7780000e+03   1.9010000e+03
   1.8300000e+02   3.0400000e+02   4.1100000e+02   5.3200000e+02   6.3900000e+02   7.6000000e+02   8.6700000e+02   9.8800000e+02   1.0950000e+03   1.2160000e+03   1.3230000e+03   1.4440000e+03   1.5510000e+03   1.6720000e+03   1.7790000e+03   1.9000000e+03
   1.8400000e+02   3.0300000e+02   4.1200000e+02   5.3100000e+02   6.4000000e+02   7.5900000e+02   8.6800000e+02   9.8700000e+02   1.0960000e+03   1.2150000e+03   1.3240000e+03   1.4430000e+03   1.5520000e+03   1.6710000e+03   1.7800000e+03   1.8990000e+03
   1.8500000e+02   3.0200000e+02   4.1300000e+02   5.3000000e+02   6.4100000e+02   7.5800000e+02   8.6900000e+02   9.8600000e+02   1.0970000e+03   1.2140000e+03   1.3250000e+03   1.4420000e+03   1.5530000e+03   1.6700000e+03   1.7810000e+03   1.8980000e+03
   1.8600000e+02   3.0100000e+02   4.1400000e+02   5.2900000e+02   6.4200000e+02   7.5700000e+02   8.7000000e+02   9.8500000e+02   1.0980000e+03   1.2130000e+03   1.3260000e+03   1.4410000e+03   1.5540000e+03   1.6690000e+03   1.7820000e+03   1.8970000e+03
   1.8700000e+02   3.0000000e+02   4.1500000e+02   5.2800000e+02   6.4300000e+02   7.5600000e+02   8.7100000e+02   9.8400000e+02   1.0990000e+03   1.2120000e+03   1.3270000e+03   1.4400000e+03   1.5550000e+03   1.6680000e+03   1.7830000e+03   1.8960000e+03
   1.8800000e+02   2.9900000e+02   4.1600000e+02   5.2700000e+02   6.4400000e+02   7.5500000e+02   8.7200000e+02   9.8300000e+02   1.1000000e+03   1.2110000e+03   1.3280000e+03   1.4390000e+03   1.5560000e+03   1.6670000e+03   1.7840000e+03   1.8950000e+03
   1.8900000e+02   2.9800000e+02   4.1700000e+02   5.2600000e+02   6.4500000e+02   7.5400000e+02   8.7300000e+02   9.8200000e+02   1.1010000e+03   1.2100000e+03   1.3290000e+03   1.4380000e+03   1.5570000e+03   1.6660000e+03   1.7850000e+03   1.8940000e+03
   1.9000000e+02   2.9700000e+02   4.1800000e+02   5.2500000e+02   6.4600000e+02   7.5300000e+02   8.7400000e+02   9.8100000e+02   1.1020000e+03   1.2090000e+03   1.3300000e+03   1.4370000e+03   1.5580000e+03   1.6650000e+03   1.7860000e+03   1.8930000e+03
   1.9100000e+02   2.9600000e+02   4.1900000e+02   5.2400000e+02   6.4700000e+02   7.5200000e+02   8.7500000e+02   9.8000000e+02   1.1030000e+03   1.2080000e+03   1.3310000e+03   1.4360000e+03   1.5590000e+03   1.6640000e+03   1.7870000e+03   1.8920000e+03
   1.9200000e+02   2.9500000e+02   4.2000000e+02   5.2300000e+02   6.4800000e+02   7.5100000e+02   8.7600000e+02   9.7900000e+02   1.1040000e+03   1.2070000e+03   1.3320000e+03   1.4350000e+03   1.5600000e+03   1.6630000e+03   1.7880000e+03   1.8910000e+03
   1.9300000e+02   2.9400000e+02   4.2100000e+02   5.2200000e+02   6.4900000e+02   7.5000000e+02   8.7700000e+02   9.7800000e+02   1.1050000e+03   1.2060000e+03   1.3330000e+03   1.4340000e+03   1.5610000e+03   1.6620000e+03   1.7890000e+03   1.8900000e+03
   1.9400000e+02   2.9300000e+02   4.2200000e+02   5.2100000e+02   6.5000000e+02   7.4900000e+02   8.7800000e+02   9.7700000e+02   1.1060000e+03   1.2050000e+03   1.3340000e+03   1.4330000e+03   1.5620000e+03   1.6610000e+03   1.7900000e+03   1.8890000e+03
   1.9500000e+02   2.9200000e+02   4.2300000e+02   5.2000000e+02   6.5100000e+02   7.4800000e+02   8.7900000e+02   9.7600000e+02   1.1070000e+03   1.2040000e+03   1.3350000e+03   1.4320000e+03   1.5630000e+03   1.6600000e+03   1.7910000e+03   1.8880000e+03
   1.9600000e+02   2.9100000e+02   4.2400000e+02   5.1900000e+02   6.5200000e+02   7.4700000e+02   8.8000000e+02   9.7500000e+02   1.1080000e+03   1.2030000e+03   1.3360000e+03   1.4310000e+03   1.5640000e+03   1.6590000e+03   1.7920000e+03   1.8870000e+03
   1.9700000e+02   2.9000000e+02   4.2500000e+02   5.1800000e+02   6.5300000e+02   7.4600000e+02   8.8100000e+02   9.7400000e+02   1.1090000e+03   1.2020000e+03   1.3370000e+03   1.4300000e+03   1.5650000e+03   1.6580000e+03   1.7930000e+03   1.8860000e+03
   1.9800000e+02   2.8900000e+02   4.2600000e+02   5.1700000e+02   6.5400000e+02   7.4500000e+02   8.8200000e+02   9.7300000e+02   1.1100000e+03   1.2010000e+03   1.3380000e+03   1.4290000e+03   1.5660000e+03   1.6570000e+03   1.7940000e+03   1.8850000e+03
   1.9900000e+02   2.8800000e+02   4.2700000e+02   5.1600000e+02   6.5500000e+02   7.4400000e+02   8.8300000e+02   9.7200000e+02   1.1110000e+03   1.2000000e+03   1.3390000e+03   1.4280000e+03   1.5670000e+03   1.6560000e+03   1.7950000e+03   1.8840000e+03
   2.0000000e+02   2.8700000e+02   4.2800000e+02   5.1500000e+02   6.5600000e+02   7.4300000e+02   8.8400000e+02   9.7100000e+02   1.1120000e+03   1.1990000e+03   1.3400000e+03   1.4270000e+03   1.5680000e+03   1.6550000e+03   1.7960000e+03   1.8830000e+03
   2.0100000e+02   2.8600000e+02   4.2900000e+02   5.1400000e+02   6.5700000e+02   7.4200000e+02   8.8500000e+02   9.7000000e+02   1.1130000e+03   1.1980000e+03   1.3410000e+03   1.4260000e+03   1.5690000e+03   1.6540000e+03   1.7970000e+03   1.8820000e+03
   2.0200000e+02   2.8500000e+02   4.3000000e+02   5.1300000e+02   6.5800000e+02   7.4100000e+02   8.8600000e+02   9.6900000e+02   1.1140000e+03   1.1970000e+03   1.3420000e+03   1.4250000e+03   1.5700000e+03   1.6530000e+03   1.7980000e+03   1.8810000e+03
   2.0300000e+02   2.8400000e+02   4.3100000e+02   5.1200000e+02   6.5900000e+02   7.4000000e+02   8.8700000e+02   9.6800000e+02   1.1150000e+03   1.1960000e+03   1.3430000e+03   1.4240000e+03   1.5710000e+03   1.6520000e+03   1.7990000e+03   1.8800000e+03
   2.0400000e+02   2.8300000e+02   4.3200000e+02   5.1100000e+02   6.6000000e+02   7.3900000e+02   8.8800000e+02   9.6700000e+02   1.1160000e+03   1.1950000e+03   1.3440000e+03   1.4230000e+03   1.5720000e+03   1.6510000e+03   1.8000000e+03   1.8790000e+03
   2.0500000e+02   2.8200000e+02   4.3300000e+02   5.1000000e+02   6.6100000e+02   7.3800000e+02   8.8900000e+02   9.6600000e+02   1.1170000e+03   1.1940000e+03   1.3450000e+03   1.4220000e+03   1.5730000e+03   1.6500000e+03   1.8010000e+03   1.8780000e+03
   2.0600000e+02   2.8100000e+02   4.3400000e+02   5.0900000e+02   6.6200000e+02   7.3700000e+02   8.9000000e+02   9.6500000e+02   1.1180000e+03   1.1930000e+03   1.3460000e+03   1.4210000e+03   1.5740000e+03   1.6490000e+03   1.8020000e+03   1.8770000e+03
   2.0700000e+02   2.8000000e+02   4.3500000e+02   5.0800000e+02   6.6300000e+02   7.3600000e+02   8.9100000e+02   9.6400000e+02   1.1190000e+03   1.1920000e+03   1.3470000e+03   1.4200000e+03   1.5750000e+03   1.6480000e+03   1.8030000e+03   1.8760000e+03
   2.0800000e+02   2.7900000e+02   4.3600000e+02   5.0700000e+02   6.6400000e+02   7.3500000e+02   8.9200000e+02   9.6300000e+02   1.1200000e+03   1.1910000e+03   1.3480000e+03   1.4190000e+03   1.5760000e+03   1.6470000e+03   1.8040000e+03   1.8750000e+03
   2.0900000e+02   2.7800000e+02   4.3700000e+02   5.0600000e+02   6.6500000e+02   7.3400000e+02   8.9300000e+02   9.6200000e+02   1.1210000e+03   1.1900000e+03   1.3490000e+03   1.4180000e+03   1.5770000e+03   1.6460000e+03   1.8050000e+03   1.8740000e+03
   2.1000000e+02   2.7700000e+02   4.3800000e+02   5.0500000e+02   6.6600000e+02   7.3300000e+02   8.9400000e+02   9.6100000e+02   1.1220000e+03   1.1890000e+03   1.3500000e+03   1.4170000e+03   1.5780000e+03   1.6450000e+03   1.8060000e+03   1.8730000e+03
   2.1100000e+02   2.7600000e+02   4.3900000e+02   5.0400000e+02   6.6700000e+02   7.3200000e+02   8.9500000e+02   9.6000000e+02   1.1230000e+03   1.1880000e+03   1.3510000e+03   1.4160000e+03   1.5790000e+03   1.6440000e+03   1.8070000e+03   1.8720000e+03
   2.1200000e+02   2.7500000e+02   4.4000000e+02   5.0300000e+02   6.6800000e+02   7.3100000e+02   8.9600000e+02   9.5900000e+02   1.1240000e+03   1.1870000e+03   1.3520000e+03   1.4150000e+03   1.5800000e+03   1.6430000e+03   1.8080000e+03   1.8710000e+03
   2.1300000e+02   2.7400000e+02   4.4100000e+02   5.0200000e+02   6.6900000e+02   7.3000000e+02   8.9700000e+02   9.5800000e+02   1.1250000e+03   1.1860000e+03   1.3530000e+03   1.4140000e+03   1.5810000e+03   1.6420000e+03   1.8090000e+03   1.8700000e+03
   2.1400000e+02   2.7300000e+02   4.4200000e+02   5.0100000e+02   6.7000000e+02   7.2900000e+02   8.9800000e+02   9.5700000e+02   1.1260000e+03   1.1850000e+03   1.3540000e+03   1.4130000e+03   1.5820000e+03   1.6410000e+03   1.8100000e+03   1.8690000e+03
   2.1500000e+02   2.7200000e+02   4.4300000e+02   5.0000000e+02   6.7100000e+02   7.2800000e+02   8.9900000e+02   9.5600000e+02   1.1270000e+03   1.1840000e+03   1.3550000e+03   1.4120000e+03   1.5830000e+03   1.6400000e+03   1.8110000e+03   1.8680000e+03
   2.1600000e+02   2.7100000e+02   4.4400000e+02   4.9900000e+02   6.7200000e+02   7.2700000e+02   9.0000000e+02   9.5500000e+02   1.1280000e+03   1.1830000e+03   1.3560000e+03   1.4110000e+03   1.5840000e+03   1.6390000e+03   1.8120000e+03   1.8670000e+03
   2.1700000e+02   2.7000000e+02   4.4500000e+02   4.9800000e+02   6.7300000e+02   7.2600000e+02   9.0100000e+02   9.5400000e+02   1.1290000e+03   1.1820000e+03   1.3570000e+03   1.4100000e+03   1.5850000e+03   1.6380000e+03   1.8130000e+03   1.8660000e+03
   2.1800000e+02   2.6900000e+02   4.4600000e+02   4.9700000e+02   6.7400000e+02   7.2500000e+02   9.0200000e+02   9.5300000e+02   1.1300000e+03   1.1810000e+03   1.3580000e+03   1.4090000e+03   1.5860000e+03   1.6370000e+03   1.8140000e+03   1.8650000e+03
