 66
 16
 1.35000000e+02 3.09000000e+02 3.53000000e+02 5.27000000e+02 5.71000000e+02 7.45000000e+02 7.89000000e+02 9.63000000e+02 1.00700000e+03 1.18100000e+03 1.22500000e+03 1.39900000e+03 1.44300000e+03 1.61700000e+03 1.66100000e+03 1.83500000e+03
 1.36000000e+02 3.08000000e+02 3.54000000e+02 5.26000000e+02 5.72000000e+02 7.44000000e+02 7.90000000e+02 9.62000000e+02 1.00800000e+03 1.18000000e+03 1.22600000e+03 1.39800000e+03 1.44400000e+03 1.61600000e+03 1.66200000e+03 1.83400000e+03
 1.37000000e+02 3.07000000e+02 3.55000000e+02 5.25000000e+02 5.73000000e+02 7.43000000e+02 7.91000000e+02 9.61000000e+02 1.00900000e+03 1.17900000e+03 1.22700000e+03 1.39700000e+03 1.44500000e+03 1.61500000e+03 1.66300000e+03 1.83300000e+03
 1.38000000e+02 3.06000000e+02 3.56000000e+02 5.24000000e+02 5.74000000e+02 7.42000000e+02 7.92000000e+02 9.60000000e+02 1.01000000e+03 1.17800000e+03 1.22800000e+03 1.39600000e+03 1.44600000e+03 1.61400000e+03 1.66400000e+03 1.83200000e+03
 1.39000000e+02 3.05000000e+02 3.57000000e+02 5.23000000e+02 5.75000000e+02 7.41000000e+02 7.93000000e+02 9.59000000e+02 1.01100000e+03 1.17700000e+03 1.22900000e+03 1.39500000e+03 1.44700000e+03 1.61300000e+03 1.66500000e+03 1.83100000e+03
 1.40000000e+02 3.04000000e+02 3.58000000e+02 5.22000000e+02 5.76000000e+02 7.40000000e+02 7.94000000e+02 9.58000000e+02 1.01200000e+03 1.17600000e+03 1.23000000e+03 1.39400000e+03 1.44800000e+03 1.61200000e+03 1.66600000e+03 1.83000000e+03
 1.41000000e+02 3.03000000e+02 3.59000000e+02 5.21000000e+02 5.77000000e+02 7.39000000e+02 7.95000000e+02 9.57000000e+02 1.01300000e+03 1.17500000e+03 1.23100000e+03 1.39300000e+03 1.44900000e+03 1.61100000e+03 1.66700000e+03 1.82900000e+03
 1.42000000e+02 3.02000000e+02 3.60000000e+02 5.20000000e+02 5.78000000e+02 7.38000000e+02 7.96000000e+02 9.56000000e+02 1.01400000e+03 1.17400000e+03 1.23200000e+03 1.39200000e+03 1.45000000e+03 1.61000000e+03 1.66800000e+03 1.82800000e+03
 1.43000000e+02 3.01000000e+02 3.61000000e+02 5.19000000e+02 5.79000000e+02 7.37000000e+02 7.97000000e+02 9.55000000e+02 1.01500000e+03 1.17300000e+03 1.23300000e+03 1.39100000e+03 1.45100000e+03 1.60900000e+03 1.66900000e+03 1.82700000e+03
 1.44000000e+02 3.00000000e+02 3.62000000e+02 5.18000000e+02 5.80000000e+02 7.36000000e+02 7.98000000e+02 9.54000000e+02 1.01600000e+03 1.17200000e+03 1.23400000e+03 1.39000000e+03 1.45200000e+03 1.60800000e+03 1.67000000e+03 1.82600000e+03
 1.45000000e+02 2.99000000e+02 3.63000000e+02 5.17000000e+02 5.81000000e+02 7.35000000e+02 7.99000000e+02 9.53000000e+02 1.01700000e+03 1.17100000e+03 1.23500000e+03 1.38900000e+03 1.45300000e+03 1.60700000e+03 1.67100000e+03 1.82500000e+03
 1.46000000e+02 2.98000000e+02 3.64000000e+02 5.16000000e+02 5.82000000e+02 7.34000000e+02 8.00000000e+02 9.52000000e+02 1.01800000e+03 1.17000000e+03 1.23600000e+03 1.38800000e+03 1.45400000e+03 1.60600000e+03 1.67200000e+03 1.82400000e+03
 1.47000000e+02 2.97000000e+02 3.65000000e+02 5.15000000e+02 5.83000000e+02 7.33000000e+02 8.01000000e+02 9.51000000e+02 1.01900000e+03 1.16900000e+03 1.23700000e+03 1.38700000e+03 1.45500000e+03 1.60500000e+03 1.67300000e+03 1.82300000e+03
 1.48000000e+02 2.96000000e+02 3.66000000e+02 5.14000000e+02 5.84000000e+02 7.32000000e+02 8.02000000e+02 9.50000000e+02 1.02000000e+03 1.16800000e+03 1.23800000e+03 1.38600000e+03 1.45600000e+03 1.60400000e+03 1.67400000e+03 1.82200000e+03
 1.49000000e+02 2.95000000e+02 3.67000000e+02 5.13000000e+02 5.85000000e+02 7.31000000e+02 8.03000000e+02 9.49000000e+02 1.02100000e+03 1.16700000e+03 1.23900000e+03 1.38500000e+03 1.45700000e+03 1.60300000e+03 1.67500000e+03 1.82100000e+03
 1.50000000e+02 2.94000000e+02 3.68000000e+02 5.12000000e+02 5.86000000e+02 7.30000000e+02 8.04000000e+02 9.48000000e+02 1.02200000e+03 1.16600000e+03 1.24000000e+03 1.38400000e+03 1.45800000e+03 1.60200000e+03 1.67600000e+03 1.82000000e+03
 1.51000000e+02 2.93000000e+02 3.69000000e+02 5.11000000e+02 5.87000000e+02 7.29000000e+02 8.05000000e+02 9.47000000e+02 1.02300000e+03 1.16500000e+03 1.24100000e+03 1.38300000e+03 1.45900000e+03 1.60100000e+03 1.67700000e+03 1.81900000e+03
 1.52000000e+02 2.92000000e+02 3.70000000e+02 5.10000000e+02 5.88000000e+02 7.28000000e+02 8.06000000e+02 9.46000000e+02 1.02400000e+03 1.16400000e+03 1.24200000e+03 1.38200000e+03 1.46000000e+03 1.60000000e+03 1.67800000e+03 1.81800000e+03
 1.53000000e+02 2.91000000e+02 3.71000000e+02 5.09000000e+02 5.89000000e+02 7.27000000e+02 8.07000000e+02 9.45000000e+02 1.02500000e+03 1.16300000e+03 1.24300000e+03 1.38100000e+03 1.46100000e+03 1.59900000e+03 1.67900000e+03 1.81700000e+03
 1.54000000e+02 2.90000000e+02 3.72000000e+02 5.08000000e+02 5.90000000e+02 7.26000000e+02 8.08000000e+02 9.44000000e+02 1.02600000e+03 1.16200000e+03 1.24400000e+03 1.38000000e+03 1.46200000e+03 1.59800000e+03 1.68000000e+03 1.81600000e+03
 1.55000000e+02 2.89000000e+02 3.73000000e+02 5.07000000e+02 5.91000000e+02 7.25000000e+02 8.09000000e+02 9.43000000e+02 1.02700000e+03 1.16100000e+03 1.24500000e+03 1.37900000e+03 1.46300000e+03 1.59700000e+03 1.68100000e+03 1.81500000e+03
 1.56000000e+02 2.88000000e+02 3.74000000e+02 5.06000000e+02 5.92000000e+02 7.24000000e+02 8.10000000e+02 9.42000000e+02 1.02800000e+03 1.16000000e+03 1.24600000e+03 1.37800000e+03 1.46400000e+03 1.59600000e+03 1.68200000e+03 1.81400000e+03
 1.57000000e+02 2.87000000e+02 3.75000000e+02 5.05000000e+02 5.93000000e+02 7.23000000e+02 8.11000000e+02 9.41000000e+02 1.02900000e+03 1.15900000e+03 1.24700000e+03 1.37700000e+03 1.46500000e+03 1.59500000e+03 1.68300000e+03 1.81300000e+03
 1.58000000e+02 2.86000000e+02 3.76000000e+02 5.04000000e+02 5.94000000e+02 7.22000000e+02 8.12000000e+02 9.40000000e+02 1.03000000e+03 1.15800000e+03 1.24800000e+03 1.37600000e+03 1.46600000e+03 1.59400000e+03 1.68400000e+03 1.81200000e+03
 1.59000000e+02 2.85000000e+02 3.77000000e+02 5.03000000e+02 5.95000000e+02 7.21000000e+02 8.13000000e+02 9.39000000e+02 1.03100000e+03 1.15700000e+03 1.24900000e+03 1.37500000e+03 1.46700000e+03 1.59300000e+03 1.68500000e+03 1.81100000e+03
 1.60000000e+02 2.84000000e+02 3.78000000e+02 5.02000000e+02 5.96000000e+02 7.20000000e+02 8.14000000e+02 9.38000000e+02 1.03200000e+03 1.15600000e+03 1.25000000e+03 1.37400000e+03 1.46800000e+03 1.59200000e+03 1.68600000e+03 1.81000000e+03
 1.61000000e+02 2.83000000e+02 3.79000000e+02 5.01000000e+02 5.97000000e+02 7.19000000e+02 8.15000000e+02 9.37000000e+02 1.03300000e+03 1.15500000e+03 1.25100000e+03 1.37300000e+03 1.46900000e+03 1.59100000e+03 1.68700000e+03 1.80900000e+03
 1.62000000e+02 2.82000000e+02 3.80000000e+02 5.00000000e+02 5.98000000e+02 7.18000000e+02 8.16000000e+02 9.36000000e+02 1.03400000e+03 1.15400000e+03 1.25200000e+03 1.37200000e+03 1.47000000e+03 1.59000000e+03 1.68800000e+03 1.80800000e+03
 1.63000000e+02 2.81000000e+02 3.81000000e+02 4.99000000e+02 5.99000000e+02 7.17000000e+02 8.17000000e+02 9.35000000e+02 1.03500000e+03 1.15300000e+03 1.25300000e+03 1.37100000e+03 1.47100000e+03 1.58900000e+03 1.68900000e+03 1.80700000e+03
 1.64000000e+02 2.80000000e+02 3.82000000e+02 4.98000000e+02 6.00000000e+02 7.16000000e+02 8.18000000e+02 9.34000000e+02 1.03600000e+03 1.15200000e+03 1.25400000e+03 1.37000000e+03 1.47200000e+03 1.58800000e+03 1.69000000e+03 1.80600000e+03
 1.65000000e+02 2.79000000e+02 3.83000000e+02 4.97000000e+02 6.01000000e+02 7.15000000e+02 8.19000000e+02 9.33000000e+02 1.03700000e+03 1.15100000e+03 1.25500000e+03 1.36900000e+03 1.47300000e+03 1.58700000e+03 1.69100000e+03 1.80500000e+03
 1.66000000e+02 2.78000000e+02 3.84000000e+02 4.96000000e+02 6.02000000e+02 7.14000000e+02 8.20000000e+02 9.32000000e+02 1.03800000e+03 1.15000000e+03 1.25600000e+03 1.36800000e+03 1.47400000e+03 1.58600000e+03 1.69200000e+03 1.80400000e+03
 1.67000000e+02 2.77000000e+02 3.85000000e+02 4.95000000e+02 6.03000000e+02 7.13000000e+02 8.21000000e+02 9.31000000e+02 1.03900000e+03 1.14900000e+03 1.25700000e+03 1.36700000e+03 1.47500000e+03 1.58500000e+03 1.69300000e+03 1.80300000e+03
 1.68000000e+02 2.76000000e+02 3.86000000e+02 4.94000000e+02 6.04000000e+02 7.12000000e+02 8.22000000e+02 9.30000000e+02 1.04000000e+03 1.14800000e+03 1.25800000e+03 1.36600000e+03 1.47600000e+03 1.58400000e+03 1.69400000e+03 1.80200000e+03
 1.69000000e+02 2.75000000e+02 3.87000000e+02 4.93000000e+02 6.05000000e+02 7.11000000e+02 8.23000000e+02 9.29000000e+02 1.04100000e+03 1.14700000e+03 1.25900000e+03 1.36500000e+03 1.47700000e+03 1.58300000e+03 1.69500000e+03 1.80100000e+03
 1.70000000e+02 2.74000000e+02 3.88000000e+02 4.92000000e+02 6.06000000e+02 7.10000000e+02 8.24000000e+02 9.28000000e+02 1.04200000e+03 1.14600000e+03 1.26000000e+03 1.36400000e+03 1.47800000e+03 1.58200000e+03 1.69600000e+03 1.80000000e+03
 1.71000000e+02 2.73000000e+02 3.89000000e+02 4.91000000e+02 6.07000000e+02 7.09000000e+02 8.25000000e+02 9.27000000e+02 1.04300000e+03 1.14500000e+03 1.26100000e+03 1.36300000e+03 1.47900000e+03 1.58100000e+03 1.69700000e+03 1.79900000e+03
 1.72000000e+02 2.72000000e+02 3.90000000e+02 4.90000000e+02 6.08000000e+02 7.08000000e+02 8.26000000e+02 9.26000000e+02 1.04400000e+03 1.14400000e+03 1.26200000e+03 1.36200000e+03 1.48000000e+03 1.58000000e+03 1.69800000e+03 1.79800000e+03
 1.73000000e+02 2.71000000e+02 3.91000000e+02 4.89000000e+02 6.09000000e+02 7.07000000e+02 8.27000000e+02 9.25000000e+02 1.04500000e+03 1.14300000e+03 1.26300000e+03 1.36100000e+03 1.48100000e+03 1.57900000e+03 1.69900000e+03 1.79700000e+03
 1.74000000e+02 2.70000000e+02 3.92000000e+02 4.88000000e+02 6.10000000e+02 7.06000000e+02 8.28000000e+02 9.24000000e+02 1.04600000e+03 1.14200000e+03 1.26400000e+03 1.36000000e+03 1.48200000e+03 1.57800000e+03 1.70000000e+03 1.79600000e+03
 1.75000000e+02 2.69000000e+02 3.93000000e+02 4.87000000e+02 6.11000000e+02 7.05000000e+02 8.29000000e+02 9.23000000e+02 1.04700000e+03 1.14100000e+03 1.26500000e+03 1.35900000e+03 1.48300000e+03 1.57700000e+03 1.70100000e+03 1.79500000e+03
 1.76000000e+02 2.68000000e+02 3.94000000e+02 4.86000000e+02 6.12000000e+02 7.04000000e+02 8.30000000e+02 9.22000000e+02 1.04800000e+03 1.14000000e+03 1.26600000e+03 1.35800000e+03 1.48400000e+03 1.57600000e+03 1.70200000e+03 1.79400000e+03
 1.77000000e+02 2.67000000e+02 3.95000000e+02 4.85000000e+02 6.13000000e+02 7.03000000e+02 8.31000000e+02 9.21000000e+02 1.04900000e+03 1.13900000e+03 1.26700000e+03 1.35700000e+03 1.48500000e+03 1.57500000e+03 1.70300000e+03 1.79300000e+03
 1.78000000e+02 2.66000000e+02 3.96000000e+02 4.84000000e+02 6.14000000e+02 7.02000000e+02 8.32000000e+02 9.20000000e+02 1.05000000e+03 1.13800000e+03 1.26800000e+03 1.35600000e+03 1.48600000e+03 1.57400000e+03 1.70400000e+03 1.79200000e+03
 1.79000000e+02 2.65000000e+02 3.97000000e+02 4.83000000e+02 6.15000000e+02 7.01000000e+02 8.33000000e+02 9.19000000e+02 1.05100000e+03 1.13700000e+03 1.26900000e+03 1.35500000e+03 1.48700000e+03 1.57300000e+03 1.70500000e+03 1.79100000e+03
 1.80000000e+02 2.64000000e+02 3.98000000e+02 4.82000000e+02 6.16000000e+02 7.00000000e+02 8.34000000e+02 9.18000000e+02 1.05200000e+03 1.13600000e+03 1.27000000e+03 1.35400000e+03 1.48800000e+03 1.57200000e+03 1.70600000e+03 1.79000000e+03
 1.81000000e+02 2.63000000e+02 3.99000000e+02 4.81000000e+02 6.17000000e+02 6.99000000e+02 8.35000000e+02 9.17000000e+02 1.05300000e+03 1.13500000e+03 1.27100000e+03 1.35300000e+03 1.48900000e+03 1.57100000e+03 1.70700000e+03 1.78900000e+03
 1.82000000e+02 2.62000000e+02 4.00000000e+02 4.80000000e+02 6.18000000e+02 6.98000000e+02 8.36000000e+02 9.16000000e+02 1.05400000e+03 1.13400000e+03 1.27200000e+03 1.35200000e+03 1.49000000e+03 1.57000000e+03 1.70800000e+03 1.78800000e+03
 1.83000000e+02 2.61000000e+02 4.01000000e+02 4.79000000e+02 6.19000000e+02 6.97000000e+02 8.37000000e+02 9.15000000e+02 1.05500000e+03 1.13300000e+03 1.27300000e+03 1.35100000e+03 1.49100000e+03 1.56900000e+03 1.70900000e+03 1.78700000e+03
 1.84000000e+02 2.60000000e+02 4.02000000e+02 4.78000000e+02 6.20000000e+02 6.96000000e+02 8.38000000e+02 9.14000000e+02 1.05600000e+03 1.13200000e+03 1.27400000e+03 1.35000000e+03 1.49200000e+03 1.56800000e+03 1.71000000e+03 1.78600000e+03
 1.85000000e+02 2.59000000e+02 4.03000000e+02 4.77000000e+02 6.21000000e+02 6.95000000e+02 8.39000000e+02 9.13000000e+02 1.05700000e+03 1.13100000e+03 1.27500000e+03 1.34900000e+03 1.49300000e+03 1.56700000e+03 1.71100000e+03 1.78500000e+03
 1.86000000e+02 2.58000000e+02 4.04000000e+02 4.76000000e+02 6.22000000e+02 6.94000000e+02 8.40000000e+02 9.12000000e+02 1.05800000e+03 1.13000000e+03 1.27600000e+03 1.34800000e+03 1.49400000e+03 1.56600000e+03 1.71200000e+03 1.78400000e+03
 1.87000000e+02 2.57000000e+02 4.05000000e+02 4.75000000e+02 6.23000000e+02 6.93000000e+02 8.41000000e+02 9.11000000e+02 1.05900000e+03 1.12900000e+03 1.27700000e+03 1.34700000e+03 1.49500000e+03 1.56500000e+03 1.71300000e+03 1.78300000e+03
 1.88000000e+02 2.56000000e+02 4.06000000e+02 4.74000000e+02 6.24000000e+02 6.92000000e+02 8.42000000e+02 9.10000000e+02 1.06000000e+03 1.12800000e+03 1.27800000e+03 1.34600000e+03 1.49600000e+03 1.56400000e+03 1.71400000e+03 1.78200000e+03
 1.89000000e+02 2.55000000e+02 4.07000000e+02 4.73000000e+02 6.25000000e+02 6.91000000e+02 8.43000000e+02 9.09000000e+02 1.06100000e+03 1.12700000e+03 1.27900000e+03 1.34500000e+03 1.49700000e+03 1.56300000e+03 1.71500000e+03 1.78100000e+03
 1.90000000e+02 2.54000000e+02 4.08000000e+02 4.72000000e+02 6.26000000e+02 6.90000000e+02 8.44000000e+02 9.08000000e+02 1.06200000e+03 1.12600000e+03 1.28000000e+03 1.34400000e+03 1.49800000e+03 1.56200000e+03 1.71600000e+03 1.78000000e+03
 1.91000000e+02 2.53000000e+02 4.09000000e+02 4.71000000e+02 6.27000000e+02 6.89000000e+02 8.45000000e+02 9.07000000e+02 1.06300000e+03 1.12500000e+03 1.28100000e+03 1.34300000e+03 1.49900000e+03 1.56100000e+03 1.71700000e+03 1.77900000e+03
 1.92000000e+02 2.52000000e+02 4.10000000e+02 4.70000000e+02 6.28000000e+02 6.88000000e+02 8.46000000e+02 9.06000000e+02 1.06400000e+03 1.12400000e+03 1.28200000e+03 1.34200000e+03 1.50000000e+03 1.56000000e+03 1.71800000e+03 1.77800000e+03
 1.93000000e+02 2.51000000e+02 4.11000000e+02 4.69000000e+02 6.29000000e+02 6.87000000e+02 8.47000000e+02 9.05000000e+02 1.06500000e+03 1.12300000e+03 1.28300000e+03 1.34100000e+03 1.50100000e+03 1.55900000e+03 1.71900000e+03 1.77700000e+03
 1.94000000e+02 2.50000000e+02 4.12000000e+02 4.68000000e+02 6.30000000e+02 6.86000000e+02 8.48000000e+02 9.04000000e+02 1.06600000e+03 1.12200000e+03 1.28400000e+03 1.34000000e+03 1.50200000e+03 1.55800000e+03 1.72000000e+03 1.77600000e+03
 1.95000000e+02 2.49000000e+02 4.13000000e+02 4.67000000e+02 6.31000000e+02 6.85000000e+02 8.49000000e+02 9.03000000e+02 1.06700000e+03 1.12100000e+03 1.28500000e+03 1.33900000e+03 1.50300000e+03 1.55700000e+03 1.72100000e+03 1.77500000e+03
 1.96000000e+02 2.48000000e+02 4.14000000e+02 4.66000000e+02 6.32000000e+02 6.84000000e+02 8.50000000e+02 9.02000000e+02 1.06800000e+03 1.12000000e+03 1.28600000e+03 1.33800000e+03 1.50400000e+03 1.55600000e+03 1.72200000e+03 1.77400000e+03
 1.97000000e+02 2.47000000e+02 4.15000000e+02 4.65000000e+02 6.33000000e+02 6.83000000e+02 8.51000000e+02 9.01000000e+02 1.06900000e+03 1.11900000e+03 1.28700000e+03 1.33700000e+03 1.50500000e+03 1.55500000e+03 1.72300000e+03 1.77300000e+03
 1.98000000e+02 2.46000000e+02 4.16000000e+02 4.64000000e+02 6.34000000e+02 6.82000000e+02 8.52000000e+02 9.00000000e+02 1.07000000e+03 1.11800000e+03 1.28800000e+03 1.33600000e+03 1.50600000e+03 1.55400000e+03 1.72400000e+03 1.77200000e+03
 1.99000000e+02 2.45000000e+02 4.17000000e+02 4.63000000e+02 6.35000000e+02 6.81000000e+02 8.53000000e+02 8.99000000e+02 1.07100000e+03 1.11700000e+03 1.28900000e+03 1.33500000e+03 1.50700000e+03 1.55300000e+03 1.72500000e+03 1.77100000e+03
 2.00000000e+02 2.44000000e+02 4.18000000e+02 4.62000000e+02 6.36000000e+02 6.80000000e+02 8.54000000e+02 8.98000000e+02 1.07200000e+03 1.11600000e+03 1.29000000e+03 1.33400000e+03 1.50800000e+03 1.55200000e+03 1.72600000e+03 1.77000000e+03
